cont1x
[0 0 0 0 0 0 1 1 1 1 1 1 1 1 1 1]
[3 3 3 3 3 3 1 1 1 1 1 1 1 1 1 1]
[1 1 1 1 2 3 6 6 6 6 6 6 6 6 6 6]
disc1x
[0 0 0 0 0 0 0 0 1 1 1 1 1 1]
[3 3 3 3 3 3 3 3 1 1 1 1 1 1]
[1 1 1 1 1 3 3 5 6 6 6 6 6 6]
cont1x
[0 0 0 0 0 0 0 0 1 1 0 1 1 1 1 1 0 1 1 1 0 1 0 1 1 1 1 0 1 1 1 0 1 1 1 1 1 1 1]
[3 3 3 3 3 3 3 3 1 1 3 1 1 1 1 1 3 1 1 1 3 1 3 1 1 1 1 3 1 1 1 3 1 1 1 1 1 1 1]
[ 1  1  1  1  2  3  4  5  6  6  6  6  6  6  6  6  7  6  6  6  8  6  9  6  6  6  6 10  6  6  6 11  6  6  6  6  6  6  6]
cont2x
[0 0 0 0 0 0 1 1 1 1 1 1 1 1 1 1 1 1 1 1 1 1]
[3 3 3 3 3 3 1 1 1 1 1 1 1 1 1 1 1 1 1 1 1 1]
[1 1 1 1 3 5 6 6 6 6 6 6 6 6 6 6 6 6 6 6 6 6]
cont1x
[0 0 0 0 0 0 0 0 1 0 1 1 1 1 1 1 1 1 1 1 1 1 1]
[3 3 3 3 3 3 3 3 1 3 1 1 1 1 1 1 1 1 1 1 1 1 1]
[1 1 1 1 2 3 4 5 6 6 6 6 6 6 6 6 6 6 6 6 6 6 6]
disc2x
[0 0 0 0 0 0 1 1 1 1 1 1 1 1 1 1 1]
[3 3 3 3 3 3 1 1 1 1 1 1 1 1 1 1 1]
[1 1 1 1 1 5 6 6 6 6 6 6 6 6 6 6 6]
cont1x
[0 0 0 0 0 0 0 0 1 1 1 1 1 1 1 1 1]
[3 3 3 3 3 3 3 3 1 1 1 1 1 1 1 1 1]
[1 1 1 1 2 3 4 5 6 6 6 6 6 6 6 6 6]
disc1x
[0 0 0 0 0 0 0 0 1 1 1 0 0 1 1 1 1 0 1 0 1 1 1 1 1 0 1 1 1 1 1 0 1 0 1 0 1 1 1 1 1 1 1]
[3 3 3 3 3 3 3 3 1 1 1 3 3 1 1 1 1 3 1 3 1 1 1 1 1 3 1 1 1 1 1 3 1 3 1 3 1 1 1 1 1 1 1]
[ 1  1  1  1  1  3  3  5  6  6  6  5  7  6  6  6  6  7  6  9  6  6  6  6  6  9  6  6  6  6  6 11  6 11  6 13  6  6  6  6  6  6  6]
cont1x
[0 0 0 0 0 0 0 0 1 1 0 1 1 0 1 0 1 1 1 1 0 1 1 1 1 1 1]
[3 3 3 3 3 3 3 3 1 1 3 1 1 3 1 3 1 1 1 1 3 1 1 1 1 1 1]
[1 1 1 1 2 3 4 5 6 6 6 6 6 7 6 8 6 6 6 6 9 6 6 6 6 6 6]
cont2x
[0 0 0 0 0 0 1 0 1 1 0 1 1 1 1 1 0 1 1 1 0 1 1 1 1 0 1 0 1 1 1 1 1 1 1 1 1 1]
[3 3 3 3 3 3 1 3 1 1 3 1 1 1 1 1 3 1 1 1 3 1 1 1 1 3 1 3 1 1 1 1 1 1 1 1 1 1]
[ 1  1  1  1  3  5  6  7  6  6  9  6  6  6  6  6 11  6  6  6 13  6  6  6  6 15  6 17  6  6  6  6  6  6  6  6  6  6]
cont1x
[0 0 0 0 0 0 0 1 1 1 0 1 1 0 1 1 1 1 1 0 1 0 1 0 1 1 1 1 1 0 1 1 1 0 1 1 1 1 1 1 1]
[3 3 3 3 3 3 3 1 1 1 3 1 1 3 1 1 1 1 1 3 1 3 1 3 1 1 1 1 1 3 1 1 1 3 1 1 1 1 1 1 1]
[ 1  1  1  1  2  3  4  6  6  6  5  6  6  6  6  6  6  6  6  7  6  8  6  9  6  6  6  6  6 10  6  6  6 11  6  6  6  6  6  6  6]
disc2x
[0 0 0 0 0 0 1 1 1 1 1 0 1 1 0 1 0 1 1 0 1 1 0 1 0 1 1 1 1 1 0 1 1 1 0 1 1 1 1 1 1 1 1 1 1 1 1 1 1]
[3 3 3 3 3 3 1 1 1 1 1 3 1 1 3 1 3 1 1 3 1 1 3 1 3 1 1 1 1 1 3 1 1 1 3 1 1 1 1 1 1 1 1 1 1 1 1 1 1]
[ 1  1  1  1  1  5  6  6  6  6  6  5  6  6  9  6  9  6  6 13  6  6 13  6 17  6  6  6  6  6 17  6  6  6 21  6  6  6  6  6  6  6  6  6  6  6  6  6  6]
cont1x
[0 0 0 0 0 0 0 0 1 1 0 1 1 0 1 0 1 0 1 1 1 0 1 0 1 0 1 1 1 0 1 1 1 1 1 0 1 0 1 1 1 1 0 1 1 1 1 1 1 1 1 1 1 1 1 1 1 1 1 1 1]
[3 3 3 3 3 3 3 3 1 1 3 1 1 3 1 3 1 3 1 1 1 3 1 3 1 3 1 1 1 3 1 1 1 1 1 3 1 3 1 1 1 1 3 1 1 1 1 1 1 1 1 1 1 1 1 1 1 1 1 1 1]
[ 1  1  1  1  2  3  4  5  6  6  6  6  6  7  6  8  6  9  6  6  6 10  6 11  6 12  6  6  6 13  6  6  6  6  6 14  6 15  6  6  6  6 16  6  6  6  6  6  6  6  6  6  6  6  6  6  6  6  6  6  6]
disc1x
[0 0 0 0 0 0 0 0 1 1 1 1 1 1 1]
[3 3 3 3 3 3 3 3 1 1 1 1 1 1 1]
[1 1 1 1 1 3 3 5 6 6 6 6 6 6 6]
cont1x
[0 0 0 0 0 0 0 1 1 1 1 1 0 1 1 0 1 1 0 1 1 1 1 1 1 1 1]
[3 3 3 3 3 3 3 1 1 1 1 1 3 1 1 3 1 1 3 1 1 1 1 1 1 1 1]
[1 1 1 1 2 3 4 6 6 6 6 6 5 6 6 6 6 6 7 6 6 6 6 6 6 6 6]
cont2x
[0 0 0 0 0 0 1 1 1 1 1 1 1 1 1]
[3 3 3 3 3 3 1 1 1 1 1 1 1 1 1]
[1 1 1 1 3 5 6 6 6 6 6 6 6 6 6]
cont1x
[0 0 0 0 0 0 0 1 0 1 1 1 0 1 1 0 1 1 0 1 1 1 1 1 1 1 1 1]
[3 3 3 3 3 3 3 1 3 1 1 1 3 1 1 3 1 1 3 1 1 1 1 1 1 1 1 1]
[1 1 1 1 2 3 4 6 5 6 6 6 6 6 6 7 6 6 8 6 6 6 6 6 6 6 6 6]
disc2x
[0 0 0 0 0 0 1 1 1 0 1 1 1 1 0 1 1 0 1 1 1 1 1 0 1 0 1 1 1 1 0 1 1 1 0 1 0 1 1 1 1 1 1 1 1 1 1 1 1 1 1]
[3 3 3 3 3 3 1 1 1 3 1 1 1 1 3 1 1 3 1 1 1 1 1 3 1 3 1 1 1 1 3 1 1 1 3 1 3 1 1 1 1 1 1 1 1 1 1 1 1 1 1]
[ 1  1  1  1  1  5  6  6  6  5  6  6  6  6  9  6  6  9  6  6  6  6  6 13  6 13  6  6  6  6 17  6  6  6 17  6 21  6  6  6  6  6  6  6  6  6  6  6  6  6  6]
cont1x
[0 0 0 0 0 0 0 1 1 0 1 1 1 1 1 0 1 0 1 1 1 1 1 1 1 1]
[3 3 3 3 3 3 3 1 1 3 1 1 1 1 1 3 1 3 1 1 1 1 1 1 1 1]
[1 1 1 1 2 3 4 6 6 5 6 6 6 6 6 6 6 7 6 6 6 6 6 6 6 6]
disc1x
[0 0 0 0 0 0 0 0 1 1 0 1 1 1 1 0 1 1 1 0 1 1 1 1 1 1 1]
[3 3 3 3 3 3 3 3 1 1 3 1 1 1 1 3 1 1 1 3 1 1 1 1 1 1 1]
[1 1 1 1 1 3 3 5 6 6 5 6 6 6 6 7 6 6 6 7 6 6 6 6 6 6 6]
cont1x
[0 0 0 0 0 0 0 0 1 0 1 0 1 0 1 1 0 1 1 1 1 0 1 1 1 1 1 0 1 1 1 0 1 1 1 0 1 1 1 1 1 1 1]
[3 3 3 3 3 3 3 3 1 3 1 3 1 3 1 1 3 1 1 1 1 3 1 1 1 1 1 3 1 1 1 3 1 1 1 3 1 1 1 1 1 1 1]
[ 1  1  1  1  2  3  4  5  6  6  6  7  6  8  6  6  9  6  6  6  6 10  6  6  6  6  6 11  6  6  6 12  6  6  6 13  6  6  6  6  6  6  6]
cont2x
[0 0 0 0 0 0 1 0 1 0 1 1 1 0 1 1 1 1 1 1 1 1]
[3 3 3 3 3 3 1 3 1 3 1 1 1 3 1 1 1 1 1 1 1 1]
[ 1  1  1  1  3  5  6  7  6  9  6  6  6 11  6  6  6  6  6  6  6  6]
cont1x
[0 0 0 0 0 0 0 0 1 1 1 1 1 1 1 1 1 1 1 1 1 1]
[3 3 3 3 3 3 3 3 1 1 1 1 1 1 1 1 1 1 1 1 1 1]
[1 1 1 1 2 3 4 5 6 6 6 6 6 6 6 6 6 6 6 6 6 6]
disc2x
[0 0 0 0 0 0 1 0 0 1 1 1 1 0 1 1 1 1 1 1]
[3 3 3 3 3 3 1 3 3 1 1 1 1 3 1 1 1 1 1 1]
[1 1 1 1 1 5 6 5 9 6 6 6 6 9 6 6 6 6 6 6]
cont1x
[0 0 0 0 0 0 0 0 1 1 1 0 1 1 0 1 1 1 1 0 1 1 1 1 1 1 1 1 1 1 1 1 1]
[3 3 3 3 3 3 3 3 1 1 1 3 1 1 3 1 1 1 1 3 1 1 1 1 1 1 1 1 1 1 1 1 1]
[1 1 1 1 2 3 4 5 6 6 6 6 6 6 7 6 6 6 6 8 6 6 6 6 6 6 6 6 6 6 6 6 6]
disc1x
[0 0 0 0 0 0 0 0 0 1 0 1 1 0 1 1 1 1 1 1 1]
[3 3 3 3 3 3 3 3 3 1 3 1 1 3 1 1 1 1 1 1 1]
[1 1 1 1 1 3 3 5 5 6 7 6 6 7 6 6 6 6 6 6 6]
cont1x
[0 0 0 0 0 0 0 1 0 0 1 1 1 1 1 1 1 1 1 1]
[3 3 3 3 3 3 3 1 3 3 1 1 1 1 1 1 1 1 1 1]
[1 1 1 1 2 3 4 6 5 6 6 6 6 6 6 6 6 6 6 6]
cont2x
[0 0 0 0 0 0 1 1 1 0 1 1 1 1 1 1]
[3 3 3 3 3 3 1 1 1 3 1 1 1 1 1 1]
[1 1 1 1 3 5 6 6 6 7 6 6 6 6 6 6]
