cont1x[0 0 0 0 0 0 1 1 1 1 1 1]
disc1x[0 0 0 0 0 0 0 0 1 1 1 1 1 1]
cont1x[0 0 0 0 0 0 0 1 1 1 0 1 1 1 1 1 0 1 1 1 0 1 0 1 1 1 1 0 1 1 1 0 1 1 1 1 1
 1]
cont2x[0 0 0 0 0 0 1 1 1 1 1 1]
cont1x[0 0 0 0 0 0 0 1 1 0 1 1 1 1 1 1]
disc2x[0 0 0 0 0 0 1 1 1 1 1 1]
cont1x[0 0 0 0 0 0 0 1 1 1 1 1 1]
disc1x[0 0 0 0 0 0 0 0 1 1 1 0 1 0 1 1 1 0 1 1 0 1 1 1 1 0 1 1 1 1 1 0 1 0 1 0 1
 1 1 1 1 1]
cont1x[0 0 0 0 0 0 0 0 1 1 0 1 1 0 1 0 1 1 1 1 0 1 1 1 1 1 1]
cont2x[0 0 0 0 0 0 1 0 1 1 0 1 1 1 1 1 0 1 1 1 0 1 1 1 1 0 1 1 0 1 1 1 1 1 1]
cont1x[0 0 0 0 0 0 0 1 1 1 0 1 1 0 1 1 1 1 1 0 1 0 1 0 1 1 1 1 1 0 1 1 1 0 1 1 1
 1 1 1]
disc2x[0 0 0 0 0 0 1 1 1 1 1 0 1 1 0 1 0 1 1 0 1 1 0 1 0 1 1 1 1 1 0 1 1 1 0 1 1
 1 1 1 1]
cont1x[0 0 0 0 0 0 0 1 1 1 0 1 1 0 1 0 1 0 1 1 1 0 1 0 1 1 1 1 1 0 1 1 1 1 1 0 1
 0 1 1 1 1 0 1 1 1 1 1 1]
disc1x[0 0 0 0 0 0 0 0 1 1 1 1 1 1]
cont1x[0 0 0 0 0 0 1 1 1 1 1 1]
cont2x[0 0 0 0 0 0 1 0 1 1 1 1 1 1]
cont1x[0 0 0 0 0 0 0 1 1 1 1 1 1]
disc2x[0 0 0 0 0 0 0 1 0 1 1 1 0 1 1 0 1 1 0 1 1 1 1 1 1]
cont1x[0 0 0 0 0 0 1 1 1 0 1 1 1 1 0 1 1 0 1 1 1 1 1 0 1 0 1 1 1 1 0 1 1 1 0 1 0
 1 1 1 1 1 1]
disc1x[0 0 0 0 0 0 0 0 1 0 1 1 1 1 1 0 1 0 1 1 1 1 1 1]
cont1x[0 0 0 0 0 0 0 1 1 1 0 1 1 1 1 0 1 1 1 0 1 1 1 1 1 1]
cont2x[0 0 0 0 0 0 1 1 1 0 1 0 1 0 1 1 0 1 1 1 1 0 1 1 1 1 1 0 1 1 1 0 1 1 1 0 1
 1 1 1 1 1]
cont1x[0 0 0 0 0 0 0 0 1 0 1 1 1 0 1 1 1 1 1 1]
disc2x[0 0 0 0 0 0 1 0 0 1 1 1 1 0 1 1 1 1 1 1]
cont1x[0 0 0 0 0 0 0 0 1 1 1 1 1 1]
disc1x[0 0 0 0 0 0 0 1 1 1 1 1 1]
cont1x[0 0 0 0 0 0 0 0 1 1 0 1 1 1 1 1 1]
cont2x[0 0 0 0 0 0 1 1 0 1 0 1 1 1 1 1 1]
cont1x[0 0 0 0 0 0 0 1 1 0 1 1 1 1 1 1]
