cont1x
[0 0 0 0 0 0 0 0 0 0 0 0 0 0 0 0 0 0 1 0 0 1 0 0 1 1 0 1 0 0 0 1 0 1 1 1 0 0 0 1 0 1 1 0 1 1 0 1 0 1 0 1 1 0 1 0 1 0 1 1 0 1 0 1 0 1 1 0 1 0 1 1 0 1 1 0 0 1 1 0 1 0 1 1 1 0 1 0 1 1 0 1 1 1 1 1 0 1 0 0]
[3 3 3 3 3 3 3 3 3 3 3 3 3 3 3 3 3 3 1 3 3 1 3 3 1 1 3 1 3 3 3 1 3 1 1 1 3 3 3 1 3 1 1 3 1 1 3 1 3 1 3 1 1 3 1 3 1 3 1 1 3 1 3 1 3 1 1 3 1 3 1 1 3 1 1 3 3 1 1 3 1 3 1 1 1 3 1 3 1 1 3 1 1 1 1 1 3 1 3 3]
[ 1  1  1  1  2  3  4  5  6  7  8  9 10 11 12 13 14 15  6 16 17  6 18 19  6  6 20  6 21 22 23  6 24  6  6  6 25 26 27  6 28  6  6 29  6  6 30  6 31  6 32  6  6 33  6 34  6 35  6  6 36  6 37  6 38  6  6 39  6 40  6  6 41  6  6 42 43  6  6 44  6 45  6  6  6 46  6 47  6  6 48  6  6  6  6  6 49  6 50 51]
disc1x
[0 0 0 0 0 0 0 0 0 0 0 0 0 0 0 0 0 0 1 1 0 0 1 0 0 1 0 1 0 0 0 1 1 0 1 0 1 0 1 0 1 1 1 1 1 0 1 0 1 0 1 1 0 1 1 0 1 0 1 1 0 1 1 1 0 1 0 1 0 1 0 1 0 1 1 1 1 1 0 1 1 0 1 1 0 1 0 1 0 1 1 0 0 0 0 0 1 1 0 1]
[3 3 3 3 3 3 3 3 3 3 3 3 3 3 3 3 3 3 1 1 3 3 1 3 3 1 3 1 3 3 3 1 1 3 1 3 1 3 1 3 1 1 1 1 1 3 1 3 1 3 1 1 3 1 1 3 1 3 1 1 3 1 1 1 3 1 3 1 3 1 3 1 3 1 1 1 1 1 3 1 1 3 1 1 3 1 3 1 3 1 1 3 3 3 3 3 1 1 3 1]
[ 1  1  1  1  1  3  3  5  5  7  7  9  9 11 11 13 13 15  6  6 15 17  6 17 19  6 19  6 21 21 23  6  6 23  6 25  6 25  6 27  6  6  6  6  6 27  6 29  6 29  6  6 31  6  6 31  6 33  6  6 33  6  6  6 35  6 35  6 37  6 37  6 39  6  6  6  6  6 39  6  6 41  6  6 41  6 43  6 43  6  6 45 45 47 47 49  6  6 49  6]
cont1x
[0 0 0 0 0 0 0 0 0 0 0 0 0 0 0 0 0 0 1 1 0 0 1 1 0 1 1 1 0 1 0 1 1 0 0 1 1 1 0 0 0 0 1 1 1 1 0 1 0 1 1 0 1 0 1 1 0 1 1 0 1 0 1 1 0 1 0 1 1 1 1 0 1 0 1 0 1 1 0 1 0 1 1 0 1 1 1 0 1 0 1 0 1 1 0 1 0 0 0 0]
[3 3 3 3 3 3 3 3 3 3 3 3 3 3 3 3 3 3 1 1 3 3 1 1 3 1 1 1 3 1 3 1 1 3 3 1 1 1 3 3 3 3 1 1 1 1 3 1 3 1 1 3 1 3 1 1 3 1 1 3 1 3 1 1 3 1 3 1 1 1 1 3 1 3 1 3 1 1 3 1 3 1 1 3 1 1 1 3 1 3 1 3 1 1 3 1 3 3 3 3]
[ 1  1  1  1  2  3  4  5  6  7  8  9 10 11 12 13 14 15  6  6 16 17  6  6 18  6  6  6 19  6 20  6  6 21 22  6  6  6 23 24 25 26  6  6  6  6 27  6 28  6  6 29  6 30  6  6 31  6  6 32  6 33  6  6 34  6 35  6  6  6  6 36  6 37  6 38  6  6 39  6 40  6  6 41  6  6  6 42  6 43  6 44  6  6 45  6 46 47 48 49]
cont2x
[0 0 0 0 0 0 0 0 0 0 0 0 1 0 1 1 0 1 0 0 1 1 0 1 1 0 1 0 1 0 1 0 1 0 1 0 1 0 1 0 1 1 1 1 1 1]
[3 3 3 3 3 3 3 3 3 3 3 3 1 3 1 1 3 1 3 3 1 1 3 1 1 3 1 3 1 3 1 3 1 3 1 3 1 3 1 3 1 1 1 1 1 1]
[ 1  1  1  1  3  5  7  9 11 13 15 17  6 19  6  6 21  6 23 25  6  6 27  6  6 29  6 31  6 33  6 35  6 37  6 39  6 41  6 43  6  6  6  6  6  6]
cont1x
[0 0 0 0 0 0 0 0 0 0 0 0 0 0 0 0 0 0 0 0 1 0 1 1 0 1 0 0 1 0 1 0 0 1 1 0 1 0 1 0 1 1 0 0 1 0 1 1 1 0 1 0 1 1 0 1 0 1 1 0 1 0 1 0 1 0 1 0 1 1 0 0 1 1 1 0 0 1 0 1 1 0 0 0 0 1 1 0 0 0 0 1 1 0 0 0 0 0 0 0]
[3 3 3 3 3 3 3 3 3 3 3 3 3 3 3 3 3 3 3 3 1 3 1 1 3 1 3 3 1 3 1 3 3 1 1 3 1 3 1 3 1 1 3 3 1 3 1 1 1 3 1 3 1 1 3 1 3 1 1 3 1 3 1 3 1 3 1 3 1 1 3 3 1 1 1 3 3 1 3 1 1 3 3 3 3 1 1 3 3 3 3 1 1 3 3 3 3 3 3 3]
[ 1  1  1  1  2  3  4  5  6  7  8  9 10 11 12 13 14 15 16 17  6 18  6  6 19  6 20 21  6 22  6 23 24  6  6 25  6 26  6 27  6  6 28 29  6 30  6  6  6 31  6 32  6  6 33  6 34  6  6 35  6 36  6 37  6 38  6 39  6  6 40 41  6  6  6 42 43  6 44  6  6 45 46 47 48  6  6 49 50 51 52  6  6 53 54 55 56 57 58 59]
disc2x
[0 0 0 0 0 0 0 0 0 0 1 1 1 0 0 0 0 1 1 0 1 0 1 1 0 1 0 1 0 1 1 1 1 1 0 1 0 1 1 0 1 1 1 0 1 0 1 1 0 1 0 1 0 1 1 1 0 0 0 0 0 0 0 0 0 0 0 0 0 0 0 0 0 0 0 0 0 0 0 0 0 0 0 0 0 0 0 0 0 0 0 0 0 0 0 0 0 0 0 0]
[3 3 3 3 3 3 3 3 3 3 1 1 1 3 3 3 3 1 1 3 1 3 1 1 3 1 3 1 3 1 1 1 1 1 3 1 3 1 1 3 1 1 1 3 1 3 1 1 3 1 3 1 3 1 1 1 3 3 3 3 3 3 3 3 3 3 3 3 3 3 3 3 3 3 3 3 3 3 3 3 3 3 3 3 3 3 3 3 3 3 3 3 3 3 3 3 3 3 3 3]
[  1   1   1   1   1   5   5   9   9  13   6   6   6  13  17  17  21   6   6  21   6  25   6   6  25   6  29   6  29   6   6   6   6   6  33   6  33   6   6  37   6   6   6  37   6  41   6   6  41   6  45   6  45   6   6   6  49  49  53  53  57  57  61  61  65  65  69  69  73  73  77  77  81  81  85  85  89  89  93  93  97  97 101 101 105 105 109 109 113 113 117 117 121 121 125 125 129 129 133 133]
cont1x
[0 0 0 0 0 0 0 0 0 0 0 0 0 0 0 0 0 0 0 0 0 0 0 0 1 0 0 1 1 1 1 0 1 0 1 0 1 0 1 0 1 1 1 1 0 1 0 1 0 1 1 1 0 1 0 1 1 0 1 0 1 1 1 0 1 1 1 0 1 0 1 1 1 0 1 0 1 1 1 0 0 1 0 0 1 0 0 0 0 0 0 0 0 0 0 0 0 0 0 0]
[3 3 3 3 3 3 3 3 3 3 3 3 3 3 3 3 3 3 3 3 3 3 3 3 1 3 3 1 1 1 1 3 1 3 1 3 1 3 1 3 1 1 1 1 3 1 3 1 3 1 1 1 3 1 3 1 1 3 1 3 1 1 1 3 1 1 1 3 1 3 1 1 1 3 1 3 1 1 1 3 3 1 3 3 1 3 3 3 3 3 3 3 3 3 3 3 3 3 3 3]
[ 1  1  1  1  2  3  4  5  6  7  8  9 10 11 12 13 14 15 16 17 18 19 20 21  6 22 23  6  6  6  6 24  6 25  6 26  6 27  6 28  6  6  6  6 29  6 30  6 31  6  6  6 32  6 33  6  6 34  6 35  6  6  6 36  6  6  6 37  6 38  6  6  6 39  6 40  6  6  6 41 42  6 43 44  6 45 46 47 48 49 50 51 52 53 54 55 56 57 58 59]
