cont1x
[0 0 0 0 0 0 0 0 0 0 0 0 0 0 0 0 0 1 1 0 0 0 1 0 1 0 1 0 1 0 1 0 1 0 0 1 1 1 1 1 0 1 0 1 0 1 1 0 1 0 1 0 1 0 1 0 1 0 1 1 1 0 1 0 1 0 1 1 0 1 0 1 1 0 1 1 0 1 0 1 1 0 1 0 0 1 1 0 1 1 0 0 1 1 1 0 1 0 1 0]
[3 3 3 3 3 3 3 3 3 3 3 3 3 3 3 3 3 1 1 3 3 3 1 3 1 3 1 3 1 3 1 3 1 3 3 1 1 1 1 1 3 1 3 1 3 1 1 3 1 3 1 3 1 3 1 3 1 3 1 1 1 3 1 3 1 3 1 1 3 1 3 1 1 3 1 1 3 1 3 1 1 3 1 3 3 1 1 3 1 1 3 3 1 1 1 3 1 3 1 3]
[ 1  1  1  1  2  3  4  5  6  7  8  9 10 11 12 13 14  6  6 15 16 17  6 18  6 19  6 20  6 21  6 22  6 23 24  6  6  6  6  6 25  6 26  6 27  6  6 28  6 29  6 30  6 31  6 32  6 33  6  6  6 34  6 35  6 36  6  6 37  6 38  6  6 39  6  6 40  6 41  6  6 42  6 43 44  6  6 45  6  6 46 47  6  6  6 48  6 49  6 50]
disc1x
[0 0 0 0 0 0 0 0 0 0 0 0 0 0 0 0 0 0 1 1 1 0 0 0 1 1 0 1 0 0 1 0 1 1 0 1 1 0 0 1 1 1 0 1 0 1 1 1 1 0 1 1 0 1 1 1 0 1 0 1 0 1 0 1 0 1 0 1 1 0 1 0 1 1 1 0 1 0 1 1 0 1 1 1 0 1 0 1 1 0 1 0 1 0 1 1 0 0 0 1]
[3 3 3 3 3 3 3 3 3 3 3 3 3 3 3 3 3 3 1 1 1 3 3 3 1 1 3 1 3 3 1 3 1 1 3 1 1 3 3 1 1 1 3 1 3 1 1 1 1 3 1 1 3 1 1 1 3 1 3 1 3 1 3 1 3 1 3 1 1 3 1 3 1 1 1 3 1 3 1 1 3 1 1 1 3 1 3 1 1 3 1 3 1 3 1 1 3 3 3 1]
[ 1  1  1  1  1  3  3  5  5  7  7  9  9 11 11 13 13 15  6  6  6 15 17 17  6  6 19  6 19 21  6 21  6  6 23  6  6 23 25  6  6  6 25  6 27  6  6  6  6 27  6  6 29  6  6  6 29  6 31  6 31  6 33  6 33  6 35  6  6 35  6 37  6  6  6 37  6 39  6  6 39  6  6  6 41  6 41  6  6 43  6 43  6 45  6  6 45 47 47  6]
cont1x
[0 0 0 0 0 0 0 0 0 0 0 0 0 0 0 0 0 0 0 1 1 1 0 0 1 1 0 1 0 1 1 1 0 1 1 1 0 1 0 1 0 0 1 0 1 1 0 1 1 0 0 1 1 0 1 0 1 1 0 1 1 0 1 0 1 1 0 1 1 1 1 1 1 1]
[3 3 3 3 3 3 3 3 3 3 3 3 3 3 3 3 3 3 3 1 1 1 3 3 1 1 3 1 3 1 1 1 3 1 1 1 3 1 3 1 3 3 1 3 1 1 3 1 1 3 3 1 1 3 1 3 1 1 3 1 1 3 1 3 1 1 3 1 1 1 1 1 1 1]
[ 1  1  1  1  2  3  4  5  6  7  8  9 10 11 12 13 14 15 16  6  6  6 17 18  6  6 19  6 20  6  6  6 21  6  6  6 22  6 23  6 24 25  6 26  6  6 27  6  6 28 29  6  6 30  6 31  6  6 32  6  6 33  6 34  6  6 35  6  6  6  6  6  6  6]
cont2x
[0 0 0 0 0 0 0 0 0 0 0 0 1 0 1 0 0 1 1 0 1 1 1 0 1 0 1 0 1 1 1 1 0 1 0 1 0 1 0 1 0 1 1 1 0 1 0 1 0 1 0 0 1 1 1 0 0 0 0 0 0 0 0 0 0 0 0 0 0 0 0 0 0 0 0 0 0 0 0 0 0 0 0 0 0 0 0 0 0 0 0 0 0 0 0 0 0 0 0 0]
[3 3 3 3 3 3 3 3 3 3 3 3 1 3 1 3 3 1 1 3 1 1 1 3 1 3 1 3 1 1 1 1 3 1 3 1 3 1 3 1 3 1 1 1 3 1 3 1 3 1 3 3 1 1 1 3 3 3 3 3 3 3 3 3 3 3 3 3 3 3 3 3 3 3 3 3 3 3 3 3 3 3 3 3 3 3 3 3 3 3 3 3 3 3 3 3 3 3 3 3]
[  1   1   1   1   3   5   7   9  11  13  15  17   6  19   6  21  23   6   6  25   6   6   6  27   6  29   6  31   6   6   6   6  33   6  35   6  37   6  39   6  41   6   6   6  43   6  45   6  47   6  49  51   6   6   6  53  55  57  59  61  63  65  67  69  71  73  75  77  79  81  83  85  87  89  91  93  95  97  99 101 103 105 107 109 111 113 115 117 119 121 123 125 127 129 131 133 135 137 139 141]
cont1x
[0 0 0 0 0 0 0 0 0 0 0 0 0 0 0 0 0 1 0 0 0 0 0 1 1 0 1 0 0 0 1 1 1 1 1 0 1 0 1 1 1 1 1 1]
[3 3 3 3 3 3 3 3 3 3 3 3 3 3 3 3 3 1 3 3 3 3 3 1 1 3 1 3 3 3 1 1 1 1 1 3 1 3 1 1 1 1 1 1]
[ 1  1  1  1  2  3  4  5  6  7  8  9 10 11 12 13 14  6 15 16 17 18 19  6  6 20  6 21 22 23  6  6  6  6  6 24  6 25  6  6  6  6  6  6]
disc2x
[0 0 0 0 0 0 0 0 0 0 0 0 1 1 0 1 1 0 1 1 0 1 1 0 1 0 1 1 1 0 1 1 0 1 0 1 0 1 0 1 0 1 0 1 1 0 0 1 1 0 1 1 0 0 0 0 0 0 0 0 0 0 0 0 0 0 0 0 0 0 0 0 0 0 0 0 0 0 0 0 0 0 0 0 0 0 0 0 0 0 0 0 0 0 0 0 0 0 0 0]
[3 3 3 3 3 3 3 3 3 3 3 3 1 1 3 1 1 3 1 1 3 1 1 3 1 3 1 1 1 3 1 1 3 1 3 1 3 1 3 1 3 1 3 1 1 3 3 1 1 3 1 1 3 3 3 3 3 3 3 3 3 3 3 3 3 3 3 3 3 3 3 3 3 3 3 3 3 3 3 3 3 3 3 3 3 3 3 3 3 3 3 3 3 3 3 3 3 3 3 3]
[  1   1   1   1   1   5   5   9   9  13  13  17   6   6  17   6   6  21   6   6  21   6   6  25   6  25   6   6   6  29   6   6  29   6  33   6  33   6  37   6  37   6  41   6   6  41  45   6   6  45   6   6  49  49  53  53  57  57  61  61  65  65  69  69  73  73  77  77  81  81  85  85  89  89  93  93  97  97 101 101 105 105 109 109 113 113 117 117 121 121 125 125 129 129 133 133 137 137 141 141]
cont1x
[0 0 0 0 0 0 0 0 0 0 0 0 0 0 0 0 1 0 0 0 1 1 0 1 0 1 1 1 1 0 1 0 1 0 1 1 0 1 1 1 0 1 0 1 1 0 1 0 1 1 1 1 1 0 1 0 1 0 1 0 1 0 1 0 1 1 0 1 0 1 1 0 1 0 1 0 1 1 0 1 0 1 1 0 1 1 0 1 1 0 1 1 0 1 1 0 1 1 0 1]
[3 3 3 3 3 3 3 3 3 3 3 3 3 3 3 3 1 3 3 3 1 1 3 1 3 1 1 1 1 3 1 3 1 3 1 1 3 1 1 1 3 1 3 1 1 3 1 3 1 1 1 1 1 3 1 3 1 3 1 3 1 3 1 3 1 1 3 1 3 1 1 3 1 3 1 3 1 1 3 1 3 1 1 3 1 1 3 1 1 3 1 1 3 1 1 3 1 1 3 1]
[ 1  1  1  1  2  3  4  5  6  7  8  9 10 11 12 13  6 14 15 16  6  6 17  6 18  6  6  6  6 19  6 20  6 21  6  6 22  6  6  6 23  6 24  6  6 25  6 26  6  6  6  6  6 27  6 28  6 29  6 30  6 31  6 32  6  6 33  6 34  6  6 35  6 36  6 37  6  6 38  6 39  6  6 40  6  6 41  6  6 42  6  6 43  6  6 44  6  6 45  6]
