cont1x
[0 0 0 0 0 0 0 0 0 0 0 0 0 0 0 0 0 0 0 1 1 0 0 1 1 0 1 1 1 0 1 0 1 0 1 0 1 1 1 0 1 0 1 0 0 1 1 0 1 0 1 1 1 1 1 0 1 1 1 0 1 0 1 1 1 1 0 1 1 1 1 0 1 0 1 1 0 1 0 1 1 1 1 0 1 0 1 1 1 1 0 0 1 1 1 0 1 0 0 0 1]
[3 3 3 3 3 3 3 3 3 3 3 3 3 3 3 3 3 3 3 1 1 3 3 1 1 3 1 1 1 3 1 3 1 3 1 3 1 1 1 3 1 3 1 3 3 1 1 3 1 3 1 1 1 1 1 3 1 1 1 3 1 3 1 1 1 1 3 1 1 1 1 3 1 3 1 1 3 1 3 1 1 1 1 3 1 3 1 1 1 1 3 3 1 1 1 3 1 3 3 3 1]
[ 1  1  1  1  2  3  4  5  6  7  8  9 10 11 12 13 14 15 16  6  6 17 18  6  6 19  6  6  6 20  6 21  6 22  6 23  6  6  6 24  6 25  6 26 27  6  6 28  6 29  6  6  6  6  6 30  6  6  6 31  6 32  6  6  6  6 33  6  6  6  6 34  6 35  6  6 36  6 37  6  6  6  6 38  6 39  6  6  6  6 40 41  6  6  6 42  6 43 44 45  6]
disc1x
[0 0 0 0 0 0 0 0 0 0 0 0 0 0 0 0 1 1 0 0 0 0 0 1 0 1 1 0 0 1 0 0 1 0 0 1 0 1 1 0 1 1 1 1 1 0 1 0 1 1 1 0 1 0 1 0 1 1 1 1 0 1 0 0 1 0 1 0 1 1 1 0 1 0 1 0 0 1 1 1 0 1 1 0 1 1 0 0 1 0 1 0 1 0 1 0 1 1 1 0 1]
[3 3 3 3 3 3 3 3 3 3 3 3 3 3 3 3 1 1 3 3 3 3 3 1 3 1 1 3 3 1 3 3 1 3 3 1 3 1 1 3 1 1 1 1 1 3 1 3 1 1 1 3 1 3 1 3 1 1 1 1 3 1 3 3 1 3 1 3 1 1 1 3 1 3 1 3 3 1 1 1 3 1 1 3 1 1 3 3 1 3 1 3 1 3 1 3 1 1 1 3 1]
[ 1  1  1  1  1  3  3  5  5  7  7  9  9 11 11 13  6  6 13 15 15 17 17  6 19  6  6 19 21  6 21 23  6 23 25  6 25  6  6 27  6  6  6  6  6 27  6 29  6  6  6 29  6 31  6 31  6  6  6  6 33  6 33 35  6 35  6 37  6  6  6 37  6 39  6 39 41  6  6  6 41  6  6 43  6  6 43 45  6 45  6 47  6 47  6 49  6  6  6 49  6]
cont1x
[0 0 0 0 0 0 0 0 0 0 0 0 0 0 0 0 0 0 0 0 0 1 0 1 1 0 1 1 1 0 1 1 1 1 0 1 1 0 0 1 0 0 1 1 1 0 1 1 0 1 1 1 1 1 1 1 1 1 1]
[3 3 3 3 3 3 3 3 3 3 3 3 3 3 3 3 3 3 3 3 3 1 3 1 1 3 1 1 1 3 1 1 1 1 3 1 1 3 3 1 3 3 1 1 1 3 1 1 3 1 1 1 1 1 1 1 1 1 1]
[ 1  1  1  1  2  3  4  5  6  7  8  9 10 11 12 13 14 15 16 17 18  6 19  6  6 20  6  6  6 21  6  6  6  6 22  6  6 23 24  6 25 26  6  6  6 27  6  6 28  6  6  6  6  6  6  6  6  6  6]
cont2x
[0 0 0 0 0 0 0 0 0 0 0 0 1 1 1 1 1 0 0 1 1 1 1 0 1 1 1 1 0 1 1 0 0 1 0 1 0 1 1 1 1 0 1 1 1 1 0 1 0 1 0 0 1 1 0 1 1 0 0 1 0 1 0 1 1 1 0 1 1 0 1 0 1 0 1 0 1 1 0 1 0 0 1 0 1 0 1 0 1 1 0 1 0 1 1 1 0 1 1 0 1]
[3 3 3 3 3 3 3 3 3 3 3 3 1 1 1 1 1 3 3 1 1 1 1 3 1 1 1 1 3 1 1 3 3 1 3 1 3 1 1 1 1 3 1 1 1 1 3 1 3 1 3 3 1 1 3 1 1 3 3 1 3 1 3 1 1 1 3 1 1 3 1 3 1 3 1 3 1 1 3 1 3 3 1 3 1 3 1 3 1 1 3 1 3 1 1 1 3 1 1 3 1]
[ 1  1  1  1  3  5  7  9 11 13 15 17  6  6  6  6  6 19 21  6  6  6  6 23  6  6  6  6 25  6  6 27 29  6 31  6 33  6  6  6  6 35  6  6  6  6 37  6 39  6 41 43  6  6 45  6  6 47 49  6 51  6 53  6  6  6 55  6  6 57  6 59  6 61  6 63  6  6 65  6 67 69  6 71  6 73  6 75  6  6 77  6 79  6  6  6 81  6  6 83  6]
cont1x
[0 0 0 0 0 0 0 0 0 0 0 0 0 0 0 0 1 0 1 1 0 1 1 1 1 1 0 1 1 1 0 0 1 0 1 0 1 0 1 0 1 0 1 0 0 0 1 0 1 0 0 0 0 1 0 1 1 0 1 0 1 1 0 1 1 1 1 0 1 1 0 1 0 0 1 1 1 1 0 1 1 1 1 0 0 0 1 1 1 1 0 1 1 0 0 1 0 0 1 1]
[3 3 3 3 3 3 3 3 3 3 3 3 3 3 3 3 1 3 1 1 3 1 1 1 1 1 3 1 1 1 3 3 1 3 1 3 1 3 1 3 1 3 1 3 3 3 1 3 1 3 3 3 3 1 3 1 1 3 1 3 1 1 3 1 1 1 1 3 1 1 3 1 3 3 1 1 1 1 3 1 1 1 1 3 3 3 1 1 1 1 3 1 1 3 3 1 3 3 1 1]
[ 1  1  1  1  2  3  4  5  6  7  8  9 10 11 12 13  6 14  6  6 15  6  6  6  6  6 16  6  6  6 17 18  6 19  6 20  6 21  6 22  6 23  6 24 25 26  6 27  6 28 29 30 31  6 32  6  6 33  6 34  6  6 35  6  6  6  6 36  6  6 37  6 38 39  6  6  6  6 40  6  6  6  6 41 42 43  6  6  6  6 44  6  6 45 46  6 47 48  6  6]
disc2x
[0 0 0 0 0 0 0 0 0 0 0 1 1 1 0 1 1 0 1 0 1 1 1 0 1 1 1 1 1 0 1 1 1 0 1 1 0 1 0 1 1 1 0 1 1 0 1 1 1 1 1 1]
[3 3 3 3 3 3 3 3 3 3 3 1 1 1 3 1 1 3 1 3 1 1 1 3 1 1 1 1 1 3 1 1 1 3 1 1 3 1 3 1 1 1 3 1 1 3 1 1 1 1 1 1]
[ 1  1  1  1  1  5  5  9  9 13 13  6  6  6 17  6  6 17  6 21  6  6  6 21  6  6  6  6  6 25  6  6  6 25  6  6 29  6 29  6  6  6 33  6  6 33  6  6  6  6  6  6]
cont1x
[0 0 0 0 0 0 0 0 0 0 0 0 0 0 0 0 0 0 0 0 1 0 0 0 1 1 0 1 1 0 1 1 0 1 0 1 0 1 0 1 1 1 1 1 0 1 1 0 0 1 0 0 1 1 0 1 1 1 0 1 0 1 1 0 1 0 0 1 1 1 1 0 1 0 1 0 0 1 1 0 0 1 1 1 0 0 1 1 1 0 1 0 1 0 1 1 0 1 1 1]
[3 3 3 3 3 3 3 3 3 3 3 3 3 3 3 3 3 3 3 3 1 3 3 3 1 1 3 1 1 3 1 1 3 1 3 1 3 1 3 1 1 1 1 1 3 1 1 3 3 1 3 3 1 1 3 1 1 1 3 1 3 1 1 3 1 3 3 1 1 1 1 3 1 3 1 3 3 1 1 3 3 1 1 1 3 3 1 1 1 3 1 3 1 3 1 1 3 1 1 1]
[ 1  1  1  1  2  3  4  5  6  7  8  9 10 11 12 13 14 15 16 17  6 18 19 20  6  6 21  6  6 22  6  6 23  6 24  6 25  6 26  6  6  6  6  6 27  6  6 28 29  6 30 31  6  6 32  6  6  6 33  6 34  6  6 35  6 36 37  6  6  6  6 38  6 39  6 40 41  6  6 42 43  6  6  6 44 45  6  6  6 46  6 47  6 48  6  6 49  6  6  6]
disc1x
[0 0 0 0 0 0 0 0 0 0 0 0 0 0 0 0 0 0 0 0 1 1 0 1 1 0 0 1 1 1 0 1 1 0 0 1 0 1 0 1 0 1 1 0 1 1 1 1 1 1]
[3 3 3 3 3 3 3 3 3 3 3 3 3 3 3 3 3 3 3 3 1 1 3 1 1 3 3 1 1 1 3 1 1 3 3 1 3 1 3 1 3 1 1 3 1 1 1 1 1 1]
[ 1  1  1  1  1  3  3  5  5  7  7  9  9 11 11 13 13 15 15 17  6  6 17  6  6 19 19  6  6  6 21  6  6 21 23  6 23  6 25  6 25  6  6 27  6  6  6  6  6  6]
cont1x
[0 0 0 0 0 0 0 0 0 0 0 0 0 0 0 1 1 1 0 0 1 1 0 1 0 0 1 1 0 1 1 1 0 1 0 1 1 1 1 1 1]
[3 3 3 3 3 3 3 3 3 3 3 3 3 3 3 1 1 1 3 3 1 1 3 1 3 3 1 1 3 1 1 1 3 1 3 1 1 1 1 1 1]
[ 1  1  1  1  2  3  4  5  6  7  8  9 10 11 12  6  6  6 13 14  6  6 15  6 16 17  6  6 18  6  6  6 19  6 20  6  6  6  6  6  6]
