cont1x
[0 0 0 0 0 0 0 0 0 0 0 0 0 0 0 0 0 1 0 0 1 1 1 1 0 1 1 1 1 0 1 1 0 1 1 0 0 1 1 0 1 1 0 1 0 1 1 1 1 1 1 1 1]
[3 3 3 3 3 3 3 3 3 3 3 3 3 3 3 3 3 1 3 3 1 1 1 1 3 1 1 1 1 3 1 1 3 1 1 3 3 1 1 3 1 1 3 1 3 1 1 1 1 1 1 1 1]
[ 1  1  1  1  2  3  4  5  6  7  8  9 10 11 12 13 14  6 15 16  6  6  6  6 17  6  6  6  6 18  6  6 19  6  6 20 21  6  6 22  6  6 23  6 24  6  6  6  6  6  6  6  6]
disc1x
[0 0 0 0 0 0 0 0 0 0 0 0 0 0 0 0 1 1 1 1 1 0 0 0 1 0 0 0 1 1 0 1 1 0 1 1 1 0 1 0 1 1 0 0 0 1 1 0 1 1 0 1 1 0 1 0 1 1 0 1 1 0 1 1 0 1 0 1 0 1 0 1 1 0 0 1 1 0 1 1 1 1 1 1 1]
[3 3 3 3 3 3 3 3 3 3 3 3 3 3 3 3 1 1 1 1 1 3 3 3 1 3 3 3 1 1 3 1 1 3 1 1 1 3 1 3 1 1 3 3 3 1 1 3 1 1 3 1 1 3 1 3 1 1 3 1 1 3 1 1 3 1 3 1 3 1 3 1 1 3 3 1 1 3 1 1 1 1 1 1 1]
[ 1  1  1  1  1  3  3  5  5  7  7  9  9 11 11 13  6  6  6  6  6 13 15 15  6 17 17 19  6  6 19  6  6 21  6  6  6 21  6 23  6  6 23 25 25  6  6 27  6  6 27  6  6 29  6 29  6  6 31  6  6 31  6  6 33  6 33  6 35  6 35  6  6 37 37  6  6 39  6  6  6  6  6  6  6]
cont1x
[0 0 0 0 0 0 0 0 0 0 0 0 0 0 0 1 1 1 1 0 0 0 0 1 0 1 1 0 1 1 1 1 1 0 1 0 1 1 1 1 1 1]
[3 3 3 3 3 3 3 3 3 3 3 3 3 3 3 1 1 1 1 3 3 3 3 1 3 1 1 3 1 1 1 1 1 3 1 3 1 1 1 1 1 1]
[ 1  1  1  1  2  3  4  5  6  7  8  9 10 11 12  6  6  6  6 13 14 15 16  6 17  6  6 18  6  6  6  6  6 19  6 20  6  6  6  6  6  6]
cont2x
[0 0 0 0 0 0 0 0 0 0 1 0 1 1 0 0 1 0 1 1 1 1 0 0 1 0 1 0 1 1 0 1 1 1 0 1 0 1 1 1 1 0 1 1 1 0 1 1 1 1 1 0 1 1 1 1 0 1 1 1 1 0 1 1 1 0 0 1 0 1 1 1 0 1 1 1 1 0 0 1 0 1 0 1 1 1 0 0 1 0 1 1 1 1 1 1]
[3 3 3 3 3 3 3 3 3 3 1 3 1 1 3 3 1 3 1 1 1 1 3 3 1 3 1 3 1 1 3 1 1 1 3 1 3 1 1 1 1 3 1 1 1 3 1 1 1 1 1 3 1 1 1 1 3 1 1 1 1 3 1 1 1 3 3 1 3 1 1 1 3 1 1 1 1 3 3 1 3 1 3 1 1 1 3 3 1 3 1 1 1 1 1 1]
[ 1  1  1  1  3  5  7  9 11 13  6 15  6  6 17 19  6 21  6  6  6  6 23 25  6 27  6 29  6  6 31  6  6  6 33  6 35  6  6  6  6 37  6  6  6 39  6  6  6  6  6 41  6  6  6  6 43  6  6  6  6 45  6  6  6 47 49  6 51  6  6  6 53  6  6  6  6 55 57  6 59  6 61  6  6  6 63 65  6 67  6  6  6  6  6  6]
cont1x
[0 0 0 0 0 0 0 0 0 0 0 0 0 0 0 0 0 0 0 1 1 1 1 1 0 0 0 1 1 1 0 1 0 1 1 1 0 1 1 1 0 1 1 1 1 0 1 0 1 0 1 1 1 0 0 1 1 0 1 1 1 1 1 0 1 1 0 1 0 1 0 1 0 0 1 1 0 1 1 0 1 0 1 0 0 1 0 1 0 0 1 1 1 1 0 1 0 1 0 1 1 1]
[3 3 3 3 3 3 3 3 3 3 3 3 3 3 3 3 3 3 3 1 1 1 1 1 3 3 3 1 1 1 3 1 3 1 1 1 3 1 1 1 3 1 1 1 1 3 1 3 1 3 1 1 1 3 3 1 1 3 1 1 1 1 1 3 1 1 3 1 3 1 3 1 3 3 1 1 3 1 1 3 1 3 1 3 3 1 3 1 3 3 1 1 1 1 3 1 3 1 3 1 1 1]
[ 1  1  1  1  2  3  4  5  6  7  8  9 10 11 12 13 14 15 16  6  6  6  6  6 17 18 19  6  6  6 20  6 21  6  6  6 22  6  6  6 23  6  6  6  6 24  6 25  6 26  6  6  6 27 28  6  6 29  6  6  6  6  6 30  6  6 31  6 32  6 33  6 34 35  6  6 36  6  6 37  6 38  6 39 40  6 41  6 42 43  6  6  6  6 44  6 45  6 46  6  6  6]
disc2x
[0 0 0 0 0 0 0 0 0 0 1 1 0 0 1 0 0 1 0 1 1 1 1 1 0 1 1 1 1 0 1 0 1 1 1 1 0 1 0 1 0 1 0 1 1 1 1 1 1 1 1 1]
[3 3 3 3 3 3 3 3 3 3 1 1 3 3 1 3 3 1 3 1 1 1 1 1 3 1 1 1 1 3 1 3 1 1 1 1 3 1 3 1 3 1 3 1 1 1 1 1 1 1 1 1]
[ 1  1  1  1  1  5  5  9  9 13  6  6 13 17  6 17 21  6 21  6  6  6  6  6 25  6  6  6  6 25  6 29  6  6  6  6 29  6 33  6 33  6 37  6  6  6  6  6  6  6  6  6]
cont1x
[0 0 0 0 0 0 0 0 0 0 0 0 0 0 0 0 0 1 0 1 0 0 1 1 1 1 1 0 1 0 1 1 1 1 0 1 1 0 1 0 0 1 1 0 1 1 0 0 1 1 1 1 1 0 1 0 1 0 1 0 0 0 1 0 1 1 1 1 1 1]
[3 3 3 3 3 3 3 3 3 3 3 3 3 3 3 3 3 1 3 1 3 3 1 1 1 1 1 3 1 3 1 1 1 1 3 1 1 3 1 3 3 1 1 3 1 1 3 3 1 1 1 1 1 3 1 3 1 3 1 3 3 3 1 3 1 1 1 1 1 1]
[ 1  1  1  1  2  3  4  5  6  7  8  9 10 11 12 13 14  6 15  6 16 17  6  6  6  6  6 18  6 19  6  6  6  6 20  6  6 21  6 22 23  6  6 24  6  6 25 26  6  6  6  6  6 27  6 28  6 29  6 30 31 32  6 33  6  6  6  6  6  6]
disc1x
[0 0 0 0 0 0 0 0 0 0 0 0 0 0 0 0 1 1 1 1 1 0 0 1 0 0 1 1 1 1 1 1]
[3 3 3 3 3 3 3 3 3 3 3 3 3 3 3 3 1 1 1 1 1 3 3 1 3 3 1 1 1 1 1 1]
[ 1  1  1  1  1  3  3  5  5  7  7  9  9 11 11 13  6  6  6  6  6 13 15  6 15 17  6  6  6  6  6  6]
cont1x
[0 0 0 0 0 0 0 0 0 0 0 0 0 0 0 1 1 0 0 0 1 1 0 0 1 1 1 0 1 1 0 0 1 1 0 1 0 1 0 1 1 0 0 1 1 1 1 1 1]
[3 3 3 3 3 3 3 3 3 3 3 3 3 3 3 1 1 3 3 3 1 1 3 3 1 1 1 3 1 1 3 3 1 1 3 1 3 1 3 1 1 3 3 1 1 1 1 1 1]
[ 1  1  1  1  2  3  4  5  6  7  8  9 10 11 12  6  6 13 14 15  6  6 16 17  6  6  6 18  6  6 19 20  6  6 21  6 22  6 23  6  6 24 25  6  6  6  6  6  6 19  6  6  6  6  6 21  6  6 23  6  6 25 27  6 29  6  6  6  6  6  6]
cont1x
[0 0 0 0 0 0 0 0 0 0 0 0 0 0 1 1 0 0 0 1 1 1 1 0 1 1 1 1 0 1 1 1 1 1 1 1 1 1 1 1 1]
[3 3 3 3 3 3 3 3 3 3 3 3 3 3 1 1 3 3 3 1 1 1 1 3 1 1 1 1 3 1 1 1 1 1 1 1 1 1 1 1 1]
[ 1  1  1  1  2  3  4  5  6  7  8  9 10 11  6  6 12 13 14  6  6  6  6 15  6  6  6  6 16  6  6  6  6  6  6  6  6  6  6  6  6]
disc2x
[0 0 0 0 0 0 0 0 0 0 1 1 1 0 1 1 1 1 0 1 0 0 1 1 1 0 1 1 0 1 0 1 1 0 1 1 1 0 1 1 1 1 1 1]
[3 3 3 3 3 3 3 3 3 3 1 1 1 3 1 1 1 1 3 1 3 3 1 1 1 3  6  6  6]
cont2x
[0 0 0 0 0 0 0 0 0 0 1 1 0 1 1 1 1 0 1 1 1 1 0 1 1 1 1 1 0 1 1 0 1 1 0 0 1 0 1 1 1 1 1 1]
[3 3 3 3 3 3 3 3 3 3 1 1 3 1 1 1 1 3 1 1 1 1 3 1 1 1 1 1 3 1 1 3 1 1 3 3 1 3 1 1 1 1 1 1]
[ 1  1  1  1  3  5  7  9 11 13  6  6 15  6  6  6  6 17  6 1 1 3 1 3 1 1 3 1 1 1 3 1 1 1 1 1 1]
[ 1  1  1  1  1  5  5  9  9 13  6  6  6 13  6  6  6  6 17  6 17 21  6  6  6 21  6  6 25  6 25  6  6 29  6  6  6 29  6  6  6  6  6  6]
